data/data.json
{"header": {"discipline":0,"disciplineName":"Meteorological products","gribEdition":2,"gribLength":78846,"center":7,"centerName":"US National Weather Service - NCEP(WMC)","subcenter":0,"refTime":"2023-12-20T18:00:00.000Z","significanceOfRT":1,"significanceOfRTName":"Start of forecast","productStatus":0,"productStatusName":"Operational products","productType":1,"productTypeName":"Forecast products","productDefinitionTemplate":0,"productDefinitionTemplateName":"Analysis/forecast at horizontal level/layer at a point in time","parameterCategory":2,"parameterCategoryName":"Momentum","parameterNumber":3,"parameterNumberName":"V-component_of_wind","parameterUnit":"m.s-1","genProcessType":2,"genProcessTypeName":"Forecast","forecastTime":0,"surface1Type":103,"surface1TypeName":"Specified height level above ground","surface1Value":10.0,"surface2Type":255,"surface2TypeName":"Missing","surface2Value":0.0,"gridDefinitionTemplate":0,"gridDefinitionTemplateName":"Latitude_Longitude","numberPoints":65160,"shape":6,"shapeName":"Earth spherical with radius of 6,371,229.0 m","gridUnits":"degrees","resolution":48,"winds":"true","scanMode":0,"nx":360,"ny":181,"basicAngle":0,"lo1":0.0,"la1":90.0,"lo2":359.0,"la2":-90.0,"dx":1.0,"dy":1.0}, "data":
[rows 26 to 51 of 181, columns 118 to 176 of 360]
1.643451,1.283451,1.383451,0.9634509,1.0834509,0.7034509,0.85345095,1.2334509,1.053451,0.9734509,-0.26654908,0.5234509,1.043451,1.023451,0.80345094,1.533451,-0.47654906,-1.3165491,1.6834509,1.0034509,-1.1465491,0.42345092,0.093450926,-0.39654908,1.3234509,0.0034509278,-1.2465491,-0.17654908,-0.95654905,-1.3865491,-0.68654907,0.5134509,-0.47654906,1.2234509,-0.57654905,-1.196549,-1.486549,0.60345095,-1.226549,-0.4165491,-1.5365491,-0.08654907,-2.426549,-2.4665492,-3.176549,-2.826549,-0.49654907,-0.7765491,-0.45654908,-0.51654905,-1.4365491,-1.5465491,0.24345092,0.35345092,1.013451,0.17345093,-1.1565491,-2.1965492,1.913451
1.763451,1.5934509,1.273451,1.3234509,1.8534509,0.43345094,-0.016549073,-0.57654905,-0.26654908,-0.17654908,-0.026549073,0.37345093,0.74345094,0.47345093,0.20345093,0.103450924,0.23345093,0.5334509,0.60345095,0.22345093,-0.14654908,-0.81654906,-1.8765491,-0.27654907,-0.48654908,-0.0065490725,0.23345093,0.27345094,-1.576549,-2.0065491,-1.366549,-0.27654907,-0.7965491,-1.076549,-0.7865491,-0.7765491,0.12345093,0.053450927,-1.8765491,-0.17654908,-0.8665491,-2.106549,-3.9465492,-2.6865492,-2.536549,-3.766549,-3.796549,-2.796549,-0.31654906,-0.6065491,-1.576549,-1.1565491,0.80345094,-0.33654907,-0.036549073,-0.10654907,-1.3965491,-2.066549,-1.096549
1.013451,0.6334509,0.45345092,0.9734509,0.7034509,0.7134509,0.39345092,0.11345093,0.12345093,-0.04654907,-0.3865491,0.26345092,0.5734509,0.54345095,0.40345094,0.7634509,0.56345093,0.8934509,0.37345093,1.013451,0.22345093,-1.2665491,-1.4365491,-1.4965491,-4.116549,-4.0865493,-2.126549,-2.276549,-2.9465492,-1.2665491,-0.09654907,-2.606549,-0.16654907,-1.4365491,-1.346549,-1.7565491,-1.8165491,-0.87654907,-1.706549,-3.0065491,-3.426549,-3.6865492,-2.766549,-1.1565491,-1.3065491,-1.196549,-5.286549,-0.50654906,-1.2565491,-1.4965491,-1.5265491,-2.166549,-1.5665491,-0.89654905,-1.1565491,-3.376549,-4.3165493,-3.526549,-6.1265492
-0.13654907,0.39345092,-0.27654907,-0.08654907,0.44345093,-0.09654907,0.023450928,0.17345093,0.21345092,-0.47654906,-0.45654908,-0.83654904,-0.26654908,0.093450926,0.45345092,0.6534509,0.66345096,0.8334509,0.5334509,-0.44654906,-0.09654907,-1.4365491,-2.036549,-2.126549,-2.9465492,-4.386549,-0.9265491,-5.506549,-3.176549,-5.5865493,-4.846549,-4.426549,-1.326549,-1.366549,-3.086549,-1.2865491,-3.806549,-3.676549,-2.656549,-5.3365493,-7.256549,-7.056549,-4.306549,-1.3865491,-2.556549,-4.466549,-1.6465491,-2.1965492,-2.416549,-0.13654907,-0.22654907,-2.516549,-2.1965492,-0.47654906,-1.606549,-5.056549,-5.326549,-4.256549,-3.9365492
-0.5465491,-1.2665491,-0.20654908,-0.35654908,-0.37654907,-0.30654907,-0.08654907,-0.6765491,-0.7865491,-0.62654907,-0.6165491,-0.24654907,-0.58654904,0.063450925,-0.09654907,0.28345093,0.23345093,0.6434509,0.5234509,0.7734509,-1.606549,1.1134509,0.26345092,-1.966549,-0.83654904,-5.796549,-3.306549,-1.706549,-3.4765491,-5.3565493,-2.9365492,-4.786549,-4.206549,-3.106549,-2.876549,-2.9865491,-2.926549,-3.556549,-3.786549,-5.436549,-7.256549,-8.746549,-6.186549,-1.2865491,1.533451,-1.846549,-3.856549,-1.6865491,-8.706549,-3.166549,-3.4465492,-5.426549,-3.6865492,-1.486549,2.873451,0.40345094,-2.336549,-3.266549,-2.9465492
0.5234509,0.8434509,0.44345093,-1.6265491,-0.16654907,0.3334509,0.8334509,0.44345093,1.173451,-0.63654906,-0.7865491,0.35345092,0.44345093,0.13345093,-1.096549,-0.51654905,-0.49654907,0.11345093,0.6434509,-0.51654905,-0.24654907,0.26345092,0.20345093,-0.14654908,-2.326549,-6.906549,-5.0665493,-2.9665492,-5.636549,-6.226549,-5.786549,-7.726549,-7.976549,-6.8165493,-3.076549,-4.516549,-4.306549,-6.726549,-4.946549,-4.786549,-5.596549,-5.326549,2.163451,1.793451,-2.2265491,-2.576549,-6.8165493,-9.966549,-6.806549,-5.296549,-3.316549,-1.7765491,-4.226549,2.323451,-1.206549,4.173451,1.4634509,-1.8865491,-3.4865491
1.6834509,0.033450928,0.61345094,0.31345093,-1.0365491,-3.766549,0.13345093,0.15345092,-1.5565491,0.14345093,-0.29654908,-2.036549,-3.786549,1.293451,0.5134509,0.3634509,-0.08654907,-0.06654907,-0.43654907,0.13345093,0.013450928,-0.9065491,-2.926549,-6.286549,-5.8765492,-7.036549,-6.006549,-4.8165493,-4.576549,-6.696549,-8.6165495,-9.746549,-9.506549,-4.206549,5.883451,3.693451,1.4834509,-0.6165491,-2.1865492,-1.976549,3.7734509,1.803451,1.1234509,-1.966549,0.80345094,-2.396549,-6.246549,-8.556549,-7.396549,-7.0865493,-4.466549,-3.066549,-2.916549,-1.706549,-1.0265491,-0.48654908,1.153451,-0.056549072,-2.406549
-2.366549,0.91345096,-1.826549,0.15345092,0.60345095,-4.006549,-0.95654905,-2.786549,-0.7265491,-3.096549,-4.046549,-3.2565491,-1.2465491,0.5334509,0.21345092,-0.09654907,-0.7965491,0.41345093,0.6934509,-0.3865491,-4.476549,-5.166549,-3.916549,-3.336549,-6.056549,-8.3665495,-7.966549,-4.266549,-5.406549,-5.986549,-11.436549,-15.166549,-1.0265491,5.763451,4.973451,6.703451,5.003451,2.7534509,1.0634509,0.62345093,-0.23654908,2.7434509,-0.6765491,-0.6565491,2.233451,-6.896549,-5.256549,-6.536549,-7.286549,-7.046549,-5.886549,-4.5865493,-3.676549,-3.096549,-1.7765491,-2.2365491,-2.156549,-1.2565491,-2.9565492
-1.5565491,-0.44654906,-2.4865491,-1.866549,-2.2465491,-4.266549,-2.7565491,-9.636549,-2.2065492,-2.1965492,-1.5565491,-2.7165492,-1.6365491,-0.0065490725,0.063450925,0.27345094,-2.036549,-1.116549,-4.196549,-3.916549,-1.9165491,-3.126549,-3.336549,-3.9965491,-5.636549,-7.946549,-8.496549,-6.216549,-6.426549,-7.786549,-10.156549,-12.496549,1.5734509,6.753451,4.853451,4.1634507,3.923451,-0.63654906,-0.89654905,0.3334509,2.393451,-1.4265491,0.053450927,1.163451,-2.9865491,-6.616549,-7.656549,-6.3565493,-5.576549,-5.006549,-4.596549,-4.326549,-4.116549,-3.786549,-3.406549,-3.106549,-4.166549,-3.916549,-2.846549
0.34345093,-0.5365491,0.16345093,-0.62654907,0.3334509,-4.3565493,-2.2265491,-2.806549,-0.4165491,-1.3865491,-2.0065491,-2.2365491,-1.966549,-2.156549,-3.426549,-0.0065490725,-2.126549,-4.046549,1.773451,0.9434509,-0.016549073,-2.4365492,-3.146549,-4.486549,-4.996549,-5.446549,-7.846549,-6.456549,-8.496549,-5.026549,-4.216549,-5.926549,-3.4565492,1.273451,1.3234509,-1.356549,3.0134509,-0.99654907,-0.88654906,1.5734509,-1.836549,1.2534509,-0.93654907,-3.396549,-5.866549,-14.916549,-6.8365493,-3.886549,-1.6665491,-0.31654906,-0.3865491,-0.47654906,-1.0165491,-1.4965491,-1.7965491,-2.866549,-3.846549,-3.9665492,-4.116549
-0.7865491,-1.476549,-1.986549,-1.596549,-0.95654905,-0.9265491,-1.1265491,-2.306549,-1.8965491,-2.346549,-0.88654906,-1.726549,-0.29654908,1.273451,0.43345094,1.1934509,1.773451,-0.75654906,-1.5165491,1.903451,-0.24654907,-0.29654908,-0.016549073,-4.416549,-5.206549,-3.2465491,-7.636549,-7.596549,-5.896549,-3.126549,-3.4465492,-1.9965491,-1.076549,-2.426549,-3.806549,-5.866549,1.773451,-1.956549,-1.206549,0.18345092,1.783451,-0.6165491,-2.676549,-5.016549,-7.6065493,-18.626549,3.083451,7.443451,6.993451,5.263451,1.273451,3.333451,3.603451,3.073451,2.2934508,0.93345094,-1.2965491,-3.326549,-4.706549
0.45345092,0.9734509,0.023450928,0.07345093,-0.43654907,0.75345093,-0.9865491,-0.04654907,-1.0265491,-1.2865491,-1.1265491,-1.9065491,-1.5665491,-1.1765491,-2.016549,-0.40654907,0.86345094,-0.5565491,-0.44654906,-0.46654907,-0.16654907,0.39345092,1.1934509,-1.2765491,-3.536549,-4.916549,-6.246549,-9.356549,-6.866549,-4.226549,-0.8565491,-0.28654906,-3.2065492,-4.826549,-6.456549,-8.356549,-0.33654907,-1.216549,-0.40654907,-1.3065491,0.0034509278,-2.576549,0.21345092,-4.8165493,-4.8165493,-5.8765492,-2.816549,2.943451,10.263451,5.1234508,4.053451,3.3134508,5.6834507,7.733451,9.213451,3.133451,3.853451,0.6334509,-1.8065491
0.44345093,0.25345093,-0.7765491,-0.18654907,0.20345093,-0.62654907,0.28345093,-0.19654907,-0.9165491,-2.086549,-2.426549,-2.046549,-1.0565491,0.13345093,0.24345092,-1.6265491,-0.20654908,-1.0565491,0.26345092,0.28345093,1.053451,-0.95654905,-0.13654907,-0.35654908,-1.5065491,-2.286549,-4.3565493,-5.546549,-4.436549,-3.426549,-0.57654905,-2.356549,-5.396549,-3.526549,-5.866549,-8.046549,-4.8165493,-1.476549,-1.7665491,0.7834509,-2.576549,-2.106549,-2.2565491,-4.3165493,-3.266549,-2.2565491,-1.2565491,0.9434509,1.8734509,1.543451,2.5634508,2.583451,3.133451,3.203451,0.5234509,8.443451,6.773451,3.8134508,2.103451
-0.026549073,-1.6265491,-0.64654905,-1.3765491,-0.25654906,-0.8665491,-0.116549075,-1.0465491,-0.63654906,-0.6565491,-1.196549,-1.616549,-1.2965491,-0.116549075,-0.7965491,0.41345093,-1.4365491,0.8934509,0.6534509,0.9634509,-0.48654908,1.263451,0.31345093,-7.676549,-3.126549,-0.29654908,-7.716549,-7.686549,-5.496549,-4.616549,-4.366549,-6.096549,-4.946549,-5.3365493,-5.366549,-5.276549,-4.516549,-2.9565492,-1.3765491,-2.7165492,-0.64654905,-2.1865492,-1.846549,-1.326549,-0.076549076,-0.21654907,-0.7165491,-0.75654906,-1.086549,-0.50654906,0.86345094,0.61345094,-0.68654907,-0.08654907,-0.39654908,0.49345094,3.443451,6.113451,3.083451
-0.9865491,0.5734509,-0.15654907,-0.33654907,0.103450924,-0.14654908,-0.5365491,-1.0665491,-1.2965491,-2.336549,-1.616549,-1.6265491,-0.87654907,-0.23654908,-0.43654907,-0.51654905,-0.7365491,-0.25654906,-0.09654907,0.86345094,-0.13654907,-0.31654906,-0.58654904,-8.796549,-5.406549,-4.0865493,-3.7365491,-8.836549,-7.036549,-6.636549,-7.1065493,-7.576549,-5.216549,-4.206549,-3.856549,-3.406549,-2.776549,-2.7365491,-3.026549,-0.8665491,-0.8465491,-1.0665491,-0.5965491,-1.0165491,-1.216549,-1.1365491,-1.196549,-0.4165491,0.053450927,0.063450925,-0.15654907,-0.36654907,-0.5365491,0.35345092,-0.31654906,-0.9665491,0.26345092,3.893451,6.093451
-1.4065491,-0.95654905,1.5734509,0.56345093,-0.17654908,-0.42654908,-1.096549,-0.83654904,-1.206549,-0.7165491,0.08345093,-1.2765491,-0.58654904,-0.22654907,-0.18654907,0.14345093,0.44345093,-0.39654908,1.273451,0.8834509,0.60345095,-0.04654907,-2.2465491,-9.756549,-3.916549,-5.396549,-7.846549,-8.966549,-8.556549,-8.676549,-8.836549,-6.986549,-6.1065493,-6.1065493,-6.0865493,-5.936549,-4.616549,-3.166549,-2.796549,-2.0065491,-1.196549,-0.75654906,-0.28654906,0.033450928,0.38345093,1.403451,1.2334509,1.3734509,-0.63654906,-0.31654906,-0.62654907,-1.1665491,-0.63654906,-0.83654904,-0.8665491,-2.046549,-1.0465491,0.41345093,4.303451
-1.596549,0.21345092,1.6134509,-0.6065491,-0.7865491,-1.5265491,-2.806549,-2.016549,-0.63654906,-0.9765491,0.31345093,0.40345094,-1.1365491,-2.536549,-1.5365491,-1.0165491,-0.25654906,-0.24654907,1.143451,0.50345093,-0.9165491,-1.0365491,-9.196549,-11.266549,-6.846549,-9.756549,-11.606549,-10.816549,-9.816549,-8.6165495,-8.266549,-8.726549,-9.596549,-9.676549,-9.286549,-8.296549,-4.3765492,-3.876549,-3.266549,-1.826549,-1.076549,-0.5965491,0.79345095,2.113451,2.603451,1.803451,2.373451,2.0334508,2.633451,2.5434508,1.3734509,0.40345094,0.3334509,-0.48654908,-0.76654905,-0.16654907,-0.15654907,-1.4065491,-4.046549
-1.726549,-2.886549,-2.606549,-0.9865491,-1.5365491,-3.086549,-2.106549,-1.346549,-0.9665491,-0.6665491,1.013451,0.32345092,-0.6165491,0.81345093,-0.29654908,0.7134509,0.5334509,-0.08654907,0.18345092,-0.5365491,-0.8565491,-9.786549,-13.216549,-10.926549,-6.016549,-6.486549,-11.006549,-10.716549,-8.906549,-9.316549,-10.026549,-10.966549,-12.406549,-7.906549,-3.806549,1.9834509,5.793451,1.2034509,-2.396549,-3.376549,-1.7465491,0.87345093,1.4834509,2.3134508,2.153451,1.513451,2.2434509,2.423451,3.223451,4.073451,4.203451,3.403451,2.7534509,0.8834509,-0.83654904,-0.69654906,-0.50654906,-1.596549,-1.446549
-5.666549,-4.956549,-3.096549,-0.76654905,-3.676549,-2.656549,-1.9965491,-0.5965491,-0.37654907,-0.04654907,-0.076549076,0.9734509,0.86345094,-1.5265491,0.62345093,-1.0165491,0.6434509,0.5334509,-0.6765491,-1.2865491,-5.676549,-15.926549,-10.896549,-9.3665495,-7.276549,-10.896549,-10.906549,-2.556549,-0.63654906,-4.776549,-3.4765491,-3.9365492,-2.796549,-4.436549,-3.6965492,0.99345094,3.333451,-0.10654907,-1.1465491,-5.506549,-3.9665492,0.18345092,2.193451,3.113451,3.603451,3.633451,3.5234509,3.3134508,3.583451,3.0634508,3.143451,3.833451,2.5334508,2.7734509,1.8534509,0.6934509,0.7634509,0.013450928,-0.076549076
-2.2465491,-3.156549,-4.746549,-4.656549,-4.256549,-1.616549,-0.20654908,0.7634509,0.8834509,1.0734509,1.0034509,-1.236549,0.34345093,0.9534509,-2.616549,-2.1965492,-0.70654905,-0.50654906,-3.046549,-5.546549,-10.156549,-10.716549,-12.456549,-10.426549,0.87345093,3.233451,-6.236549,4.813451,1.763451,-1.6465491,-1.106549,-2.656549,-2.096549,-3.096549,-4.266549,2.573451,-0.63654906,-4.506549,-7.396549,4.173451,7.753451,9.623451,5.763451,4.333451,2.673451,2.953451,4.3734508,2.3134508,2.5634508,2.583451,4.1634507,3.4934509,2.823451,3.093451,2.593451,1.0634509,-0.17654908,-0.06654907,-0.82654905
-4.866549,-1.466549,-2.9765491,-3.7165492,-0.36654907,-0.63654906,0.25345093,1.6034509,0.75345093,0.7034509,-1.1265491,1.2134509,-0.6765491,-1.346549,-3.7165492,-2.636549,-1.106549,-2.636549,-5.766549,-7.796549,-5.986549,-6.3165493,-1.986549,5.713451,2.403451,3.453451,1.513451,-0.56654906,0.54345095,-0.10654907,0.14345093,-2.666549,-3.576549,-3.916549,-3.4865491,-2.816549,-3.146549,-6.676549,-7.296549,4.3734508,3.0434508,7.763451,5.523451,3.4934509,3.973451,3.483451,4.553451,9.073451,8.1334505,9.393451,8.603451,5.003451,4.653451,4.243451,1.7334509,0.7634509,0.5134509,-0.46654907,-0.63654906
-0.69654906,-5.676549,-6.0865493,-2.426549,-3.396549,-2.106549,1.2134509,1.133451,0.39345092,1.3334509,0.8434509,-1.2965491,-2.1865492,-2.1965492,-11.766549,-4.366549,-3.4565492,-5.3565493,-8.626549,-5.536549,-4.266549,-4.916549,-1.3965491,1.043451,0.6934509,-1.086549,-0.43654907,-0.7165491,-2.336549,-0.16654907,-2.2365491,-4.006549,-2.886549,-5.656549,-4.706549,-2.346549,-2.4765491,-7.1065493,-6.366549,-2.666549,6.653451,-0.6565491,1.3634509,7.303451,9.433451,9.573451,9.3834505,10.263451,9.183451,8.623451,8.643451,8.42345,8.083451,6.513451,5.493451,4.673451,3.933451,2.483451,2.2634509
-0.06654907,-0.49654907,-7.516549,-4.5665493,-3.676549,-1.366549,0.28345093,1.033451,-0.25654906,-0.26654908,0.12345093,1.9534509,-5.436549,-16.16655,-14.516549,-13.566549,-6.786549,-6.696549,-8.356549,-7.436549,-8.716549,-3.9365492,-3.086549,-0.04654907,-1.9065491,-5.746549,-1.596549,-1.3865491,-2.416549,-2.856549,-2.786549,-3.146549,-3.276549,-5.006549,-2.146549,0.7034509,-4.986549,-7.526549,-6.536549,-7.726549,-1.726549,0.19345093,7.403451,10.42345,7.333451,3.983451,4.673451,8.293451,9.783451,11.803451,14.413451,15.073451,13.503451,12.093451,9.943451,8.783451,5.973451,4.953451,4.853451
-2.2565491,-0.08654907,-1.0365491,-0.99654907,-1.4165491,-1.6865491,-2.056549,-1.5365491,-0.40654907,-0.29654908,-1.0665491,-2.036549,-7.8565493,-13.986549,-13.096549,-13.596549,-10.876549,-9.346549,-6.456549,-7.256549,-6.116549,-4.906549,-2.616549,-1.576549,-4.3165493,-5.0665493,-7.306549,-4.0665493,-2.4365492,-2.326549,-2.636549,-3.576549,-4.156549,-4.446549,-3.666549,-4.1065493,-7.526549,-8.606549,-8.986549,-6.6265492,-5.076549,3.203451,6.653451,5.943451,7.033451,5.773451,8.613451,12.553451,16.83345,19.463451,16.25345,16.623451,13.293451,12.92345,12.263451,9.373451,9.063451,5.863451,5.333451
-1.5265491,-1.9165491,-5.296549,-10.016549,-4.396549,-1.7765491,-1.4365491,-2.1965492,-2.016549,-1.0465491,-2.596549,-0.8665491,-5.216549,-11.536549,-11.82655,-11.856549,-12.656549,-11.82655,-10.786549,-9.276549,-7.716549,-7.0665493,-4.056549,0.07345093,-2.7365491,-5.846549,-4.286549,-6.216549,-6.646549,-6.226549,-6.296549,-5.8765492,-6.5865493,-6.596549,-6.916549,-8.386549,-9.82655,-7.136549,-6.3765492,-5.196549,-3.926549,1.7134509,3.8034508,1.3134509,4.923451,4.443451,6.813451,8.6334505,12.453451,21.823452,18.90345,15.853451,14.253451,14.153451,10.3834505,8.313451,6.703451,6.083451,4.673451
-10.706549,-9.406549,-10.726549,-11.336549,-9.416549,-9.976549,-10.876549,-9.936549,-2.846549,1.133451,3.853451,-2.926549,-4.046549,-6.786549,-9.146549,-10.656549,-11.006549,-12.316549,-12.316549,-10.886549,-10.646549,-11.8665495,-1.446549,-1.586549,-6.186549,-7.1065493,-8.496549,-7.0665493,-7.096549,-4.616549,-4.776549,-6.546549,-7.226549,-8.32655,-9.006549,-10.376549,-8.756549,-7.936549,-6.3365493,-4.786549,-2.6865492,0.6334509,-5.146549,9.453451,7.753451,9.063451,8.6334505,8.233451,21.893452,21.223452,19.35345,17.883451,14.343451,13.913451,11.083451,8.513451,7.533451,6.483451,4.4334507
