data/data.json
{"header": {"discipline":0,"disciplineName":"Meteorological products","gribEdition":2,"gribLength":50309,"center":7,"centerName":"US National Weather Service - NCEP(WMC)","subcenter":0,"refTime":"2023-12-20T18:00:00.000Z","significanceOfRT":1,"significanceOfRTName":"Start of forecast","productStatus":0,"productStatusName":"Operational products","productType":1,"productTypeName":"Forecast products","productDefinitionTemplate":0,"productDefinitionTemplateName":"Analysis/forecast at horizontal level/layer at a point in time","parameterCategory":0,"parameterCategoryName":"Temperature","parameterNumber":0,"parameterNumberName":"Temperature","parameterUnit":"K","genProcessType":2,"genProcessTypeName":"Forecast","forecastTime":0,"surface1Type":1,"surface1TypeName":"Ground or water surface","surface1Value":0.0,"surface2Type":255,"surface2TypeName":"Missing","surface2Value":0.0,"gridDefinitionTemplate":0,"gridDefinitionTemplateName":"Latitude_Longitude","numberPoints":65160,"shape":6,"shapeName":"Earth spherical with radius of 6,371,229.0 m","gridUnits":"degrees","resolution":48,"winds":"true","scanMode":0,"nx":360,"ny":181,"basicAngle":0,"lo1":0.0,"la1":90.0,"lo2":359.0,"la2":-90.0,"dx":1.0,"dy":1.0}, "data":
[rows 28 to 55 of 181, columns 248 to 309 of 360]
260.4712,258.9712,258.8712,258.1712,257.4712,256.3712,255.17119,254.0712,253.37119,252.5712,251.2712,250.2712,248.7712,247.97119,244.2712,242.7712,242.5712,242.7712,243.67119,244.17119,248.87119,249.2712,248.87119,249.47119,250.17119,250.2712,250.0712,250.7712,250.47119,251.67119,253.2712,261.5712,251.87119,271.8712,253.87119,251.5712,250.67119,255.17119,251.5712,253.0712,271.4712,266.0712,271.27118,271.27118,271.27118,263.5712,258.77118,262.5712,262.0712,266.6712,272.3712,273.27118,274.4712,274.9712,275.27118,275.3712,275.5712,275.77118,275.8712,275.8712,275.3712,274.1712
260.0712,259.5712,259.5712,258.8712,257.9712,257.3712,256.5712,255.7712,254.97119,253.67119,252.87119,252.5712,249.87119,248.5712,247.2712,241.87119,243.97119,243.87119,248.47119,250.37119,250.17119,250.2712,250.5712,250.47119,250.47119,250.47119,251.17119,251.37119,250.97119,252.0712,251.2712,252.67119,271.6712,272.0712,265.5712,246.87119,246.5712,247.7712,250.37119,250.87119,245.0712,249.97119,271.27118,271.6712,271.77118,271.5712,271.3712,271.6712,271.4712,271.9712,272.27118,273.27118,274.6712,275.1712,275.5712,275.8712,276.0712,276.0712,276.1712,276.5712,276.77118,276.0712
263.0712,262.1712,261.5712,259.6712,258.8712,257.9712,257.6712,256.5712,255.97119,255.2712,254.37119,252.97119,252.0712,250.2712,248.17119,246.97119,246.0712,246.37119,250.2712,251.17119,251.7712,252.87119,253.67119,253.67119,252.0712,252.2712,252.7712,253.37119,252.67119,253.37119,255.0712,256.0712,256.27118,271.9712,272.1712,251.5712,250.7712,253.0712,253.37119,250.37119,246.2712,251.0712,255.67119,271.6712,271.77118,271.8712,272.0712,260.5712,271.77118,271.9712,271.9712,272.5712,274.4712,275.5712,275.77118,275.8712,276.1712,276.1712,276.3712,276.3712,276.27118,276.27118
263.9712,264.1712,263.77118,263.3712,262.4712,261.0712,260.27118,259.0712,257.27118,255.87119,255.2712,254.5712,253.17119,252.0712,250.47119,251.5712,249.2712,246.87119,249.47119,249.97119,252.37119,252.37119,252.87119,254.67119,254.2712,254.37119,254.0712,254.37119,254.7712,255.2712,256.9712,259.4712,271.77118,272.27118,259.1712,255.97119,253.67119,253.0712,251.97119,251.17119,251.0712,255.67119,257.6712,260.6712,269.6712,271.9712,262.9712,256.8712,258.1712,272.27118,272.0712,272.1712,273.1712,275.1712,275.8712,275.8712,275.6712,275.9712,276.1712,276.1712,276.1712,276.0712
265.4712,264.3712,263.8712,262.27118,261.9712,261.5712,260.6712,258.0712,257.5712,256.5712,256.77118,254.97119,254.37119,253.67119,252.87119,252.2712,250.67119,250.17119,247.47119,246.97119,250.2712,254.0712,257.0712,258.8712,258.1712,256.0712,255.7712,255.87119,255.7712,259.6712,261.4712,271.4712,271.9712,272.6712,272.5712,257.77118,256.9712,254.0712,253.97119,256.1712,256.4712,256.4712,257.3712,257.8712,258.3712,260.0712,260.1712,257.27118,256.4712,258.8712,270.9712,272.27118,272.3712,274.3712,275.9712,276.1712,276.0712,275.9712,276.1712,276.6712,276.4712,276.3712
269.6712,267.1712,264.77118,263.5712,262.9712,261.4712,260.5712,259.1712,258.8712,257.9712,257.27118,256.27118,255.67119,255.37119,254.5712,253.2712,252.17119,251.97119,250.67119,248.87119,249.87119,251.37119,251.7712,251.37119,264.8712,269.6712,262.6712,257.9712,257.27118,259.8712,271.3712,271.6712,272.1712,272.3712,272.3712,272.1712,256.6712,256.8712,258.8712,258.1712,258.27118,259.0712,259.9712,259.8712,259.5712,259.4712,258.3712,258.0712,257.0712,251.97119,258.8712,272.3712,272.4712,272.77118,274.6712,275.77118,275.9712,276.0712,276.1712,276.3712,276.6712,276.9712
268.6712,267.5712,267.27118,266.3712,264.3712,263.3712,261.1712,260.8712,260.1712,259.6712,259.27118,258.27118,257.27118,256.4712,255.0712,255.2712,255.0712,253.7712,253.17119,254.2712,250.97119,253.37119,254.2712,251.7712,253.0712,254.37119,269.6712,271.4712,271.4712,271.4712,271.4712,271.6712,272.0712,272.77118,272.27118,270.9712,259.8712,260.8712,261.27118,261.3712,261.27118,261.5712,260.3712,261.5712,260.4712,260.1712,259.9712,256.77118,256.0712,258.0712,260.1712,262.3712,272.1712,272.4712,272.6712,273.77118,275.1712,275.1712,275.4712,275.9712,276.3712,276.4712
268.1712,267.0712,267.0712,266.8712,266.9712,265.5712,265.3712,263.5712,261.9712,262.0712,261.77118,260.3712,259.0712,258.77118,258.0712,257.5712,256.77118,256.6712,256.1712,255.2712,254.37119,254.7712,254.2712,255.0712,252.97119,252.7712,255.37119,256.8712,256.6712,256.5712,260.6712,268.3712,272.27118,273.3712,265.1712,265.27118,261.27118,262.3712,262.77118,263.3712,263.77118,263.6712,262.5712,261.27118,260.3712,259.5712,259.6712,258.9712,261.3712,261.4712,261.27118,269.1712,268.77118,267.5712,272.4712,272.0712,271.9712,272.1712,273.6712,275.0712,275.5712,276.3712
267.6712,268.27118,268.4712,269.0712,267.4712,267.0712,265.77118,264.3712,263.77118,263.8712,262.8712,262.1712,261.9712,261.6712,260.27118,258.5712,257.6712,256.27118,256.5712,256.3712,255.87119,255.37119,255.97119,255.17119,253.67119,253.2712,254.5712,256.4712,257.8712,258.77118,261.5712,267.6712,272.27118,265.4712,265.0712,265.5712,265.27118,265.3712,263.0712,262.6712,262.8712,263.3712,262.77118,262.1712,261.0712,260.1712,260.8712,262.0712,263.1712,265.0712,265.9712,271.0712,270.9712,270.1712,271.8712,272.0712,272.4712,272.5712,272.6712,273.1712,275.0712,276.27118
268.1712,269.8712,269.8712,269.77118,269.6712,269.27118,268.3712,267.8712,267.3712,265.0712,265.4712,263.1712,262.8712,262.77118,265.5712,261.0712,259.1712,258.8712,258.0712,254.67119,256.1712,256.77118,258.0712,257.0712,256.4712,257.5712,256.3712,257.8712,258.0712,259.8712,259.0712,259.1712,272.6712,268.8712,266.77118,266.77118,265.4712,263.6712,262.6712,262.0712,262.0712,262.5712,262.27118,260.8712,261.6712,263.27118,264.3712,265.3712,265.8712,269.5712,271.0712,271.8712,272.5712,272.0712,274.4712,275.9712,278.4712,272.6712,272.77118,272.8712,273.27118,275.1712
268.8712,270.6712,269.4712,272.9712,271.8712,272.3712,271.1712,269.9712,266.8712,265.8712,266.3712,265.8712,263.4712,264.0712,263.27118,263.6712,262.4712,261.8712,259.8712,259.9712,259.6712,260.0712,259.5712,259.5712,260.4712,259.3712,259.5712,260.0712,260.6712,259.5712,261.0712,263.5712,267.0712,265.1712,265.6712,264.27118,263.5712,262.3712,261.9712,261.3712,261.27118,263.0712,262.9712,263.0712,264.1712,265.5712,265.0712,267.5712,269.5712,270.5712,272.4712,271.77118,273.5712,274.8712,275.77118,275.9712,277.1712,272.5712,272.8712,273.3712,273.1712,273.27118
274.27118,273.4712,275.3712,276.3712,276.6712,275.8712,273.0712,271.9712,269.8712,267.5712,265.0712,265.5712,267.0712,265.4712,265.77118,265.5712,265.0712,264.27118,263.27118,263.1712,261.5712,258.9712,261.8712,261.77118,261.6712,261.5712,261.0712,262.1712,262.1712,261.3712,261.27118,263.8712,264.1712,264.0712,262.4712,262.9712,262.77118,261.9712,263.0712,262.5712,262.5712,265.1712,264.77118,266.1712,265.8712,266.77118,267.5712,269.4712,270.77118,272.0712,273.8712,273.77118,274.5712,276.77118,273.77118,275.27118,278.77118,273.0712,272.77118,273.4712,273.5712,273.8712
280.4712,279.77118,280.5712,280.8712,277.77118,278.0712,276.4712,274.0712,270.27118,266.8712,266.8712,265.9712,266.0712,266.8712,266.27118,266.8712,267.5712,267.27118,265.6712,265.3712,265.1712,264.3712,263.8712,264.6712,264.27118,264.27118,263.77118,264.27118,263.9712,263.9712,263.5712,262.8712,262.6712,263.9712,264.0712,264.9712,264.3712,264.3712,263.4712,263.6712,266.1712,268.0712,267.27118,268.5712,269.5712,272.4712,274.4712,274.6712,275.27118,274.6712,274.3712,274.0712,273.77118,274.4712,275.5712,278.3712,279.77118,273.5712,273.27118,273.0712,273.4712,273.77118
280.27118,280.0712,279.6712,275.9712,279.0712,277.6712,277.5712,274.8712,271.1712,270.27118,268.1712,268.1712,269.1712,267.3712,268.4712,268.5712,269.3712,267.1712,269.27118,269.1712,268.1712,267.4712,266.4712,266.77118,267.5712,265.77118,265.4712,265.1712,265.3712,266.1712,266.0712,266.1712,265.9712,265.77118,266.4712,266.8712,265.4712,265.3712,266.77118,269.4712,271.27118,268.6712,269.0712,273.1712,274.0712,273.77118,270.6712,273.77118,275.8712,275.6712,275.6712,274.6712,274.4712,275.6712,278.4712,280.4712,282.9712,283.9712,284.0712,273.27118,272.77118,272.9712
280.3712,281.0712,281.1712,280.8712,281.0712,280.3712,279.0712,276.4712,275.9712,271.27118,269.8712,271.0712,269.3712,270.0712,270.6712,272.27118,271.8712,269.27118,271.8712,270.9712,271.77118,269.5712,269.0712,275.8712,276.1712,276.0712,276.1712,272.77118,266.1712,267.1712,267.5712,267.9712,268.4712,268.3712,268.6712,268.77118,268.1712,268.6712,270.3712,270.8712,271.5712,269.77118,272.3712,272.3712,272.3712,273.1712,275.9712,275.6712,275.1712,275.1712,275.8712,276.8712,277.1712,278.0712,278.9712,281.5712,282.4712,282.1712,281.4712,278.27118,273.77118,273.8712
277.3712,278.4712,282.9712,282.4712,280.8712,281.3712,280.8712,279.8712,279.4712,274.3712,272.9712,271.9712,271.6712,271.77118,273.0712,273.27118,273.77118,273.3712,274.3712,274.27118,272.6712,276.3712,276.5712,274.9712,276.0712,276.9712,276.9712,276.8712,270.1712,269.27118,269.4712,270.1712,270.3712,271.77118,271.77118,271.77118,271.6712,270.5712,271.3712,273.0712,272.0712,272.77118,272.27118,273.3712,273.5712,272.27118,274.3712,274.1712,275.5712,275.8712,275.8712,276.1712,277.1712,276.8712,276.6712,276.8712,277.0712,276.8712,282.5712,281.9712,274.77118,275.27118
278.4712,278.3712,283.4712,282.27118,282.6712,282.4712,282.3712,282.1712,280.77118,277.4712,276.1712,275.27118,276.3712,275.9712,274.5712,276.0712,275.4712,275.1712,275.5712,275.77118,275.0712,275.8712,274.6712,273.5712,274.27118,274.9712,274.6712,275.0712,274.6712,275.3712,275.9712,275.3712,274.77118,274.1712,275.0712,274.27118,275.0712,274.6712,274.27118,274.6712,273.6712,273.77118,273.1712,272.4712,273.77118,273.5712,275.9712,275.5712,275.6712,276.3712,277.3712,280.1712,281.1712,276.8712,277.0712,277.0712,276.8712,276.6712,275.8712,276.5712,277.0712,277.1712
274.4712,273.6712,273.27118,281.3712,282.27118,283.1712,282.3712,282.1712,280.0712,279.27118,279.8712,278.1712,277.3712,277.6712,278.8712,278.3712,278.3712,276.5712,277.5712,276.4712,277.3712,276.1712,276.0712,276.27118,275.77118,276.9712,278.5712,275.27118,276.1712,276.8712,278.1712,278.3712,277.6712,274.6712,274.27118,276.0712,277.0712,276.27118,275.3712,276.4712,274.8712,273.6712,277.1712,276.0712,274.9712,279.0712,279.4712,277.77118,277.1712,278.0712,278.4712,278.0712,277.1712,277.1712,277.4712,278.27118,278.5712,278.77118,278.4712,278.6712,277.9712,276.8712
274.27118,276.5712,273.1712,275.8712,276.3712,278.8712,283.4712,283.1712,280.1712,282.4712,282.5712,279.9712,279.77118,279.8712,280.27118,279.77118,279.1712,278.77118,279.4712,279.27118,278.77118,279.1712,275.6712,278.0712,278.4712,277.77118,278.4712,276.9712,277.5712,278.4712,278.9712,274.3712,274.77118,275.6712,277.5712,279.3712,276.1712,273.9712,275.6712,274.9712,275.5712,279.27118,278.1712,280.0712,279.9712,279.1712,277.1712,278.0712,278.27118,278.3712,279.4712,278.77118,277.9712,277.77118,279.8712,281.0712,281.6712,281.1712,280.5712,279.5712,278.9712,278.3712
272.77118,273.6712,271.8712,275.0712,280.4712,278.0712,280.5712,282.5712,283.3712,286.5712,282.4712,280.3712,280.6712,281.3712,280.3712,281.3712,279.4712,280.27118,281.5712,281.0712,279.4712,279.77118,279.6712,278.5712,277.77118,278.5712,278.1712,277.77118,277.5712,277.3712,276.27118,276.6712,277.8712,275.6712,276.4712,276.27118,275.4712,274.9712,278.4712,275.1712,277.8712,279.9712,280.77118,280.1712,280.9712,279.27118,278.77118,278.6712,278.9712,280.27118,280.0712,280.5712,281.0712,282.6712,283.8712,285.0712,284.0712,283.9712,283.5712,282.1712,280.27118,278.6712
274.27118,271.0712,273.9712,273.4712,276.0712,281.9712,280.5712,285.5712,285.5712,285.6712,282.77118,281.0712,280.9712,280.4712,281.9712,280.8712,282.27118,281.1712,281.4712,281.6712,279.6712,280.3712,280.5712,280.4712,276.5712,278.6712,277.9712,276.9712,279.77118,278.1712,278.77118,277.9712,273.4712,276.4712,276.27118,277.0712,277.1712,275.9712,280.9712,277.8712,279.5712,279.77118,281.1712,281.0712,281.5712,281.27118,280.3712,280.9712,283.0712,284.4712,284.4712,286.1712,287.3712,288.5712,287.77118,288.27118,287.27118,287.4712,287.1712,286.5712,285.5712,282.3712
281.6712,274.0712,278.77118,274.8712,276.8712,276.27118,278.9712,285.77118,286.27118,285.8712,285.8712,282.1712,282.0712,283.0712,282.1712,282.27118,282.5712,282.6712,282.9712,283.77118,282.0712,281.6712,282.3712,281.8712,281.4712,280.8712,281.27118,280.9712,281.0712,278.6712,276.5712,275.3712,276.8712,276.1712,277.6712,279.3712,278.77118,280.0712,281.0712,281.0712,281.5712,283.3712,281.5712,281.77118,282.9712,281.8712,281.9712,286.0712,290.27118,291.5712,288.4712,289.1712,290.5712,290.4712,289.8712,289.3712,289.3712,289.8712,289.4712,289.1712,289.8712,289.5712
282.1712,274.77118,280.6712,280.4712,281.8712,274.8712,277.5712,286.9712,288.1712,289.77118,288.6712,287.0712,283.8712,282.9712,281.77118,283.0712,283.5712,283.77118,282.8712,282.77118,284.5712,284.4712,283.27118,281.6712,281.5712,281.4712,282.0712,282.0712,280.77118,276.6712,279.3712,278.6712,278.9712,274.8712,279.9712,281.0712,279.9712,281.3712,281.77118,283.27118,282.77118,282.77118,283.1712,284.0712,285.77118,286.4712,287.1712,289.4712,292.6712,292.8712,292.0712,291.77118,292.1712,292.4712,293.0712,292.27118,292.3712,292.77118,292.9712,292.77118,291.8712,291.5712
282.5712,278.6712,283.1712,284.4712,278.8712,272.6712,277.6712,282.1712,287.3712,288.6712,288.1712,287.0712,284.6712,284.0712,284.8712,285.4712,284.9712,283.27118,285.5712,286.9712,286.4712,286.4712,284.3712,283.5712,283.4712,282.8712,283.5712,282.27118,282.27118,281.8712,282.5712,282.0712,279.8712,283.27118,282.27118,281.4712,280.9712,280.0712,283.6712,283.8712,285.4712,286.8712,287.4712,289.3712,289.6712,290.3712,290.6712,291.77118,292.77118,293.77118,293.8712,294.0712,293.8712,293.77118,293.4712,293.5712,293.3712,293.6712,293.6712,293.5712,293.3712,293.0712
278.3712,280.1712,279.8712,282.4712,279.27118,276.5712,275.27118,287.3712,287.6712,288.5712,289.0712,286.9712,287.27118,287.6712,286.5712,285.4712,285.8712,285.3712,287.4712,287.6712,287.4712,285.3712,286.5712,285.27118,284.8712,283.8712,283.4712,283.3712,283.6712,284.8712,284.9712,282.9712,283.1712,284.4712,284.27118,282.1712,280.8712,282.9712,284.6712,286.8712,289.1712,290.4712,291.4712,292.27118,293.27118,293.3712,293.5712,292.9712,293.5712,293.3712,293.3712,293.9712,293.8712,293.6712,293.27118,293.27118,293.27118,293.5712,293.4712,293.27118,293.27118,293.27118
282.8712,281.0712,278.27118,282.27118,283.8712,283.6712,274.1712,285.4712,285.1712,292.9712,290.27118,291.3712,290.1712,288.3712,286.9712,287.6712,287.6712,286.6712,287.9712,284.6712,283.8712,284.3712,284.6712,285.77118,284.77118,283.5712,284.9712,284.6712,284.27118,284.6712,286.5712,285.1712,285.0712,283.8712,283.5712,282.27118,282.27118,284.1712,287.3712,290.5712,292.8712,293.9712,294.3712,294.77118,294.27118,294.0712,294.5712,294.77118,293.77118,293.3712,293.5712,293.6712,293.3712,293.1712,293.5712,293.4712,293.4712,293.4712,293.3712,293.4712,293.4712,293.3712
286.27118,280.9712,278.4712,277.8712,284.8712,283.1712,284.3712,279.77118,286.6712,292.4712,292.1712,292.1712,289.5712,288.9712,288.6712,288.4712,288.4712,286.6712,285.77118,285.8712,283.9712,285.5712,285.3712,286.4712,285.0712,284.4712,284.77118,283.77118,282.3712,284.9712,284.6712,283.6712,283.9712,285.3712,283.27118,282.1712,282.1712,285.27118,291.4712,294.1712,292.3712,293.27118,294.6712,294.4712,293.8712,293.8712,293.9712,294.27118,293.77118,293.6712,293.6712,293.6712,293.4712,293.77118,293.6712,293.4712,293.5712,293.77118,293.4712,293.6712,293.77118,293.4712
284.9712,284.4712,281.4712,280.6712,284.0712,286.4712,282.1712,287.6712,291.1712,291.6712,292.6712,291.4712,290.6712,290.3712,290.0712,289.6712,287.3712,286.0712,286.27118,287.3712,285.8712,287.8712,286.5712,285.5712,283.0712,283.77118,282.77118,284.0712,285.4712,284.3712,285.6712,284.77118,285.5712,284.3712,283.0712,281.9712,291.77118,295.9712,295.27118,294.0712,294.4712,294.3712,293.77118,293.6712,293.3712,293.6712,293.6712,293.6712,293.5712,293.8712,293.9712,293.9712,293.8712,293.5712,293.5712,293.5712,293.8712,294.27118,294.27118,293.8712,294.0712,294.0712
