data/data.json
{"header": {"discipline":0,"disciplineName":"Meteorological products","gribEdition":2,"gribLength":78459,"center":7,"centerName":"US National Weather Service - NCEP(WMC)","subcenter":0,"refTime":"2023-12-20T18:00:00.000Z","significanceOfRT":1,"significanceOfRTName":"Start of forecast","productStatus":0,"productStatusName":"Operational products","productType":1,"productTypeName":"Forecast products","productDefinitionTemplate":0,"productDefinitionTemplateName":"Analysis/forecast at horizontal level/layer at a point in time","parameterCategory":2,"parameterCategoryName":"Momentum","parameterNumber":2,"parameterNumberName":"U-component_of_wind","parameterUnit":"m.s-1","genProcessType":2,"genProcessTypeName":"Forecast","forecastTime":0,"surface1Type":103,"surface1TypeName":"Specified height level above ground","surface1Value":10.0,"surface2Type":255,"surface2TypeName":"Missing","surface2Value":0.0,"gridDefinitionTemplate":0,"gridDefinitionTemplateName":"Latitude_Longitude","numberPoints":65160,"shape":6,"shapeName":"Earth spherical with radius of 6,371,229.0 m","gridUnits":"degrees","resolution":48,"winds":"true","scanMode":0,"nx":360,"ny":181,"basicAngle":0,"lo1":0.0,"la1":90.0,"lo2":359.0,"la2":-90.0,"dx":1.0,"dy":1.0}, "data":
[rows 130 to 155 of 181, columns 240 to 299 of 360]
-2.183313,-1.853313,-1.473313,-0.783313,-0.0033129882,0.63668704,-0.16331299,0.336687,0.506687,-1.733313,-3.153313,-3.263313,-1.5133129,-0.773313,-0.503313,-0.933313,-1.553313,-0.92331296,-1.113313,-0.233313,5.046687,4.806687,3.476687,3.916687,3.636687,3.436687,3.556687,3.306687,3.2966871,3.766687,3.456687,3.446687,3.5466871,2.356687,1.876687,2.236687,2.146687,2.636687,2.066687,2.476687,2.466687,2.196687,2.366687,3.006687,3.286687,2.566687,3.806687,2.656687,1.216687,4.256687,-0.303313,4.566687,3.586687,2.666687,1.436687,1.136687,1.226687,1.166687,2.476687,-0.11331299
0.446687,1.226687,1.496687,1.656687,1.956687,2.376687,1.906687,2.466687,1.766687,0.10668701,0.506687,-0.873313,-1.233313,-0.903313,-0.11331299,-1.353313,-1.003313,-1.193313,-1.333313,-1.973313,-3.113313,2.366687,4.1766872,4.146687,4.326687,4.536687,4.846687,4.516687,4.336687,4.476687,4.386687,4.096687,3.206687,3.766687,3.0466871,3.936687,3.406687,2.736687,2.366687,3.506687,3.406687,2.616687,2.896687,2.256687,2.366687,3.446687,1.326687,1.726687,2.496687,9.006687,4.326687,4.956687,3.766687,7.386687,3.956687,-2.633313,1.226687,1.946687,5.536687,-1.323313
3.126687,3.926687,4.246687,3.996687,4.106687,4.306687,4.436687,3.826687,4.006687,2.626687,3.506687,3.506687,1.546687,1.476687,1.076687,0.396687,0.09668701,0.18668701,-0.903313,-1.793313,-2.463313,-3.463313,-2.9533129,2.446687,5.126687,5.726687,5.376687,5.456687,5.446687,5.556687,5.336687,5.046687,4.386687,4.516687,4.376687,4.686687,4.526687,4.216687,3.496687,3.806687,3.876687,3.576687,3.756687,2.916687,2.286687,2.726687,4.606687,2.876687,2.466687,4.966687,5.406687,7.656687,6.296687,6.536687,7.476687,-6.703313,1.096687,1.4866871,-3.013313,-1.343313
5.276687,6.146687,6.866687,6.156687,6.216687,6.716687,6.686687,6.066687,5.786687,6.486687,6.076687,4.416687,3.456687,4.526687,3.876687,3.196687,2.236687,1.506687,0.486687,-0.46331298,-1.243313,-1.773313,-2.633313,-2.9533129,-3.153313,-2.7033129,-1.033313,3.786687,4.956687,5.036687,5.296687,5.356687,5.366687,5.516687,5.496687,5.506687,5.146687,5.006687,4.406687,3.906687,3.776687,4.026687,3.866687,2.916687,2.476687,2.2966871,2.836687,-0.423313,2.756687,4.956687,5.246687,4.056687,2.676687,-3.803313,5.916687,-6.973313,6.186687,-0.823313,-2.833313,-2.003313
7.286687,8.406687,7.956687,7.616687,8.206687,7.966687,8.006687,7.856687,7.116687,7.346687,6.856687,6.316687,5.756687,6.076687,6.126687,5.786687,4.916687,4.276687,3.376687,2.276687,1.476687,0.51668704,-0.24331298,-0.803313,-1.193313,-1.1433129,-1.783313,-1.493313,-0.693313,0.746687,3.356687,4.976687,5.166687,5.576687,6.056687,5.736687,6.066687,5.226687,4.616687,4.566687,4.516687,3.956687,4.116687,3.286687,2.846687,3.356687,6.906687,1.906687,3.816687,8.766687,8.126687,6.356687,3.606687,3.536687,0.986687,-6.543313,-4.183313,-1.983313,-0.10331299,-0.17331299
8.466687,8.826687,9.076687,9.206687,9.866687,9.096687,9.026687,8.976687,8.916687,8.656687,8.026687,7.826687,7.616687,6.796687,6.796687,6.566687,6.446687,6.136687,5.996687,5.526687,4.606687,3.946687,2.916687,2.326687,1.776687,1.296687,1.046687,0.686687,0.586687,0.266687,0.556687,1.136687,2.596687,3.816687,4.976687,5.616687,6.1766872,5.666687,5.666687,4.986687,4.846687,4.946687,4.736687,3.986687,4.046687,3.976687,2.316687,2.746687,4.416687,10.136687,7.566687,2.256687,5.866687,5.246687,0.936687,-4.303313,-2.653313,-1.173313,-2.493313,-1.663313
10.666687,10.496687,10.146687,10.406687,10.256687,10.356687,10.336687,10.276687,10.206687,10.016687,9.676687,9.186687,9.016687,8.616687,8.356687,8.006687,7.386687,7.396687,6.936687,7.006687,6.6766872,5.876687,5.296687,4.776687,4.516687,4.416687,3.786687,3.226687,2.936687,2.876687,3.166687,0.926687,1.416687,1.206687,2.026687,3.776687,5.226687,5.966687,6.346687,5.936687,5.4266872,5.026687,4.806687,5.266687,4.716687,3.186687,-0.653313,2.076687,3.506687,7.9266872,6.156687,2.666687,5.986687,-5.133313,-4.233313,-3.083313,-3.273313,0.486687,0.806687,1.666687
11.926687,11.856687,11.806687,11.666687,11.626687,11.476687,11.606687,11.116687,10.446687,10.136687,9.716687,9.566687,9.666687,9.556687,9.456687,9.336687,9.266687,8.696687,8.266687,7.686687,7.136687,6.986687,6.876687,6.766687,6.256687,6.236687,5.866687,5.486687,5.336687,4.826687,4.416687,3.176687,3.946687,3.436687,2.906687,2.556687,2.836687,4.196687,5.636687,6.626687,6.1766872,5.656687,4.986687,5.206687,4.756687,4.1766872,1.406687,2.676687,3.706687,3.2966871,4.326687,3.836687,2.726687,-4.203313,-2.933313,-3.063313,-2.223313,0.866687,1.2366871,1.846687
11.666687,12.546687,13.126687,13.116687,12.866687,12.346687,11.476687,10.876687,9.746687,8.686687,8.426687,9.076687,9.696687,10.266687,10.266687,10.086687,10.006687,9.936687,9.806687,9.166687,8.536687,8.216687,7.966687,7.646687,7.266687,7.096687,6.966687,6.4266872,6.286687,6.486687,6.076687,5.116687,5.696687,6.166687,3.926687,4.616687,4.136687,3.766687,4.446687,5.396687,6.376687,6.506687,5.336687,5.456687,4.776687,3.666687,1.9866871,2.456687,6.966687,8.616687,4.876687,4.726687,-0.713313,-2.693313,-3.523313,-1.343313,-0.803313,0.31668702,1.036687,2.666687
7.826687,8.306687,9.786687,11.266687,11.206687,9.696687,5.636687,4.526687,4.956687,5.636687,5.886687,6.496687,7.916687,9.556687,10.396687,10.836687,10.706687,10.696687,10.496687,10.176687,9.646687,9.446687,9.036687,8.826687,8.576687,7.996687,7.736687,7.566687,7.446687,6.986687,6.716687,5.9266872,5.666687,5.876687,5.746687,4.906687,4.886687,3.736687,2.986687,3.416687,4.656687,5.956687,7.196687,5.046687,4.636687,3.176687,-1.163313,3.446687,7.886687,3.696687,1.276687,4.226687,3.316687,-8.193313,-4.703313,-1.113313,0.89668703,1.906687,2.816687,3.516687
9.416687,9.056687,8.856687,8.856687,7.986687,6.596687,5.816687,5.446687,5.866687,5.786687,6.356687,7.196687,6.756687,7.916687,8.146687,9.206687,10.906687,10.996687,11.036687,10.896687,10.776687,10.186687,10.156687,9.746687,9.526687,9.366687,8.746687,8.186687,7.836687,7.6766872,7.246687,6.726687,6.456687,6.236687,6.216687,5.936687,5.336687,4.636687,4.116687,3.786687,3.946687,4.286687,6.216687,7.166687,5.726687,9.546687,-1.133313,3.146687,2.726687,4.616687,5.096687,1.876687,-2.553313,-1.903313,0.656687,0.31668702,2.236687,3.766687,4.806687,5.376687
11.146687,10.356687,9.726687,9.266687,8.596687,7.816687,7.636687,7.296687,6.956687,6.596687,7.466687,8.146687,8.406687,8.496687,8.686687,8.336687,8.556687,12.116687,11.606687,11.256687,11.476687,11.246687,11.046687,10.686687,10.276687,10.096687,9.726687,8.986687,8.386687,7.896687,7.746687,7.666687,7.716687,7.556687,7.346687,6.546687,6.086687,6.966687,6.446687,5.076687,5.916687,5.856687,5.436687,6.536687,8.126687,3.696687,2.276687,3.776687,6.586687,3.436687,3.776687,-3.553313,-1.613313,1.416687,1.626687,3.386687,4.456687,5.306687,5.976687,6.046687
12.506687,11.926687,11.196687,10.066687,10.596687,9.926687,9.346687,9.276687,9.306687,9.586687,9.366687,8.916687,8.876687,9.546687,8.896687,9.216687,10.556687,9.146687,9.316687,11.306687,12.436687,12.306687,11.366687,11.186687,10.386687,10.966687,10.446687,10.066687,9.306687,8.686687,8.446687,8.146687,8.286687,8.106687,7.726687,6.856687,6.356687,5.856687,5.226687,5.526687,6.736687,7.136687,7.786687,8.546687,8.436687,6.086687,5.1766872,2.866687,8.096687,13.626687,10.516687,8.566687,1.046687,1.676687,2.276687,2.576687,4.666687,5.646687,6.596687,6.526687
14.156687,11.646687,13.036687,12.436687,12.086687,12.186687,11.876687,11.466687,10.866687,11.136687,11.126687,10.836687,10.066687,9.916687,10.286687,10.056687,10.146687,9.646687,9.716687,10.676687,11.056687,12.196687,11.556687,11.156687,11.236687,11.286687,11.396687,10.626687,10.266687,9.706687,9.216687,8.706687,8.606687,8.496687,7.806687,7.406687,6.476687,6.396687,6.906687,7.576687,8.446687,9.006687,9.396687,9.256687,11.416687,11.616687,8.606687,7.1766872,2.316687,12.356687,13.946687,14.476687,9.256687,6.526687,6.346687,5.276687,4.406687,4.816687,5.666687,6.326687
11.536687,12.506687,9.646687,10.516687,12.146687,13.186687,12.156687,11.376687,11.366687,10.766687,10.346687,10.886687,11.056687,10.766687,10.246687,10.786687,10.756687,10.466687,9.976687,9.646687,10.536687,11.556687,11.306687,12.196687,11.236687,10.786687,11.426687,11.566687,10.716687,10.076687,9.586687,9.516687,9.096687,8.976687,8.016687,7.056687,7.056687,7.226687,8.056687,8.606687,8.996687,10.436687,11.236687,11.856687,13.716687,14.996687,14.586687,14.446687,6.786687,8.596687,5.276687,5.946687,9.136687,8.206687,6.776687,6.466687,6.496687,5.586687,5.156687,5.416687
10.296687,9.636687,7.716687,8.836687,9.846687,10.256687,10.616687,9.366687,9.046687,9.466687,9.206687,9.656687,10.466687,11.846687,11.786687,10.226687,10.946687,11.476687,10.716687,9.666687,9.136687,10.266687,10.506687,10.796687,11.006687,10.816687,10.326687,9.996687,10.706687,10.526687,9.896687,9.906687,9.596687,9.186687,8.196687,6.9266872,6.886687,8.676687,9.446687,9.756687,10.526687,11.236687,11.296687,13.386687,16.526688,18.476686,19.996687,18.066687,15.256687,12.296687,7.776687,1.406687,2.376687,0.666687,-0.823313,-1.783313,3.946687,6.546687,6.446687,6.606687
12.346687,12.186687,11.836687,11.756687,11.446687,10.766687,10.216687,10.226687,10.266687,10.176687,10.346687,10.216687,10.236687,10.096687,11.916687,10.456687,11.506687,12.596687,10.776687,10.096687,9.586687,9.356687,9.436687,10.626687,11.306687,10.496687,9.826687,10.596687,10.696687,9.886687,10.166687,9.666687,9.616687,9.736687,9.206687,7.836687,7.786687,8.936687,9.296687,10.226687,10.686687,10.236687,10.636687,12.806687,15.146687,17.646687,13.556687,12.676687,12.536687,13.946687,14.906687,16.826687,17.776688,16.076687,6.636687,3.066687,3.0466871,3.596687,4.106687,5.046687
13.706687,13.636687,13.566687,13.266687,12.946687,12.436687,11.996687,11.396687,11.256687,11.166687,10.936687,11.396687,11.056687,11.336687,11.706687,10.536687,10.246687,10.636687,10.766687,10.316687,9.806687,9.676687,9.716687,8.736687,9.896687,10.156687,10.076687,10.236687,9.936687,10.246687,10.086687,10.416687,9.726687,9.696687,9.676687,8.956687,7.576687,8.606687,9.156687,9.726687,9.526687,9.116687,9.406687,10.026687,10.116687,10.556687,10.826687,10.636687,11.876687,11.696687,12.196687,13.266687,13.346687,14.066687,14.306687,14.926687,11.776687,11.636687,10.786687,9.746687
12.736687,12.106687,12.206687,12.526687,12.956687,12.736687,12.556687,12.566687,12.056687,11.906687,12.066687,11.836687,11.976687,12.096687,11.666687,11.196687,10.676687,10.116687,10.716687,9.856687,11.926687,9.716687,9.696687,8.336687,6.736687,6.886687,8.156687,9.356687,9.606687,10.616687,9.416687,9.496687,9.556687,9.456687,9.606687,8.056687,7.476687,7.716687,8.496687,8.806687,8.106687,8.056687,7.436687,6.396687,4.996687,3.386687,4.986687,11.636687,11.546687,11.666687,12.046687,12.536687,13.116687,12.336687,11.976687,11.206687,10.276687,10.566687,10.776687,10.536687
7.806687,8.776687,9.966687,10.646687,10.456687,10.406687,10.936687,11.166687,11.046687,11.236687,11.146687,11.276687,11.196687,11.236687,11.236687,10.966687,10.266687,10.086687,9.706687,9.866687,10.366687,11.236687,8.326687,7.4266872,6.346687,5.576687,5.296687,6.146687,6.716687,7.966687,8.716687,9.826687,9.556687,8.896687,9.366687,8.476687,7.816687,7.236687,7.706687,7.6766872,7.736687,7.1766872,5.836687,4.216687,2.5466871,0.116687015,-0.98331296,-2.683313,-4.153313,8.666687,9.816687,9.636687,8.386687,6.496687,6.866687,4.836687,-3.033313,-5.563313,-5.873313,-5.563313
4.156687,4.656687,5.306687,5.866687,6.376687,7.206687,7.896687,8.526687,8.466687,9.296687,9.236687,8.926687,8.886687,9.486687,10.086687,10.216687,10.686687,10.266687,10.436687,11.176687,11.726687,10.556687,9.896687,8.376687,7.396687,7.106687,6.746687,7.126687,7.086687,8.706687,8.806687,8.926687,8.546687,7.966687,9.376687,9.866687,6.826687,6.126687,6.826687,6.716687,6.796687,6.1766872,5.196687,4.356687,2.806687,0.18668701,-1.553313,-2.803313,-3.723313,-5.333313,-6.553313,-6.8233128,-6.263313,-8.153313,-6.613313,-5.363313,-5.343313,-3.573313,-2.073313,-0.893313
3.006687,2.896687,3.176687,3.476687,3.716687,3.836687,4.416687,4.616687,5.286687,6.246687,6.636687,7.076687,7.596687,8.056687,8.146687,8.846687,9.486687,10.016687,10.436687,10.486687,10.236687,9.096687,8.646687,8.086687,7.756687,8.046687,8.756687,8.866687,8.496687,7.976687,9.536687,8.726687,7.106687,8.536687,9.646687,7.516687,5.806687,5.376687,4.866687,5.476687,6.626687,6.686687,6.106687,4.686687,3.016687,1.766687,0.116687015,-1.213313,-1.413313,-1.213313,-2.113313,-2.813313,-2.833313,-2.913313,-0.953313,-0.423313,-0.67331296,-0.013312988,1.946687,2.836687
1.386687,3.216687,4.046687,3.846687,4.046687,4.366687,4.876687,5.406687,5.726687,5.906687,6.366687,6.726687,6.996687,7.146687,7.966687,8.906687,9.146687,9.306687,9.876687,8.776687,8.946687,8.126687,7.896687,7.966687,8.336687,8.726687,9.276687,8.866687,9.346687,9.806687,10.856687,7.166687,5.166687,6.936687,6.716687,3.276687,2.526687,3.226687,5.576687,5.6766872,6.166687,5.626687,5.666687,5.956687,5.4266872,3.926687,2.776687,2.196687,1.206687,0.64668703,0.656687,1.026687,0.43668702,0.51668704,0.816687,0.816687,1.8566871,2.706687,3.476687,4.456687
0.996687,0.776687,-0.053312987,1.226687,1.806687,3.246687,4.766687,5.896687,5.956687,5.696687,5.886687,6.146687,6.306687,6.706687,7.456687,8.176687,8.626687,8.866687,9.216687,8.816687,8.916687,8.866687,8.916687,8.716687,8.366687,8.806687,9.206687,8.756687,7.056687,8.406687,3.176687,3.2966871,2.786687,1.306687,0.70668703,1.386687,3.206687,4.036687,4.076687,4.786687,5.256687,5.646687,4.836687,4.026687,5.646687,6.906687,4.286687,3.516687,3.056687,2.856687,2.896687,2.806687,2.596687,2.756687,2.916687,3.116687,4.296687,5.256687,5.816687,6.716687
1.026687,1.2366871,0.986687,1.196687,1.596687,0.95668703,0.676687,0.64668703,1.266687,2.636687,2.586687,2.836687,3.126687,3.866687,3.866687,5.366687,4.466687,5.896687,6.546687,7.946687,5.876687,6.766687,6.266687,5.946687,7.336687,7.886687,7.156687,8.126687,8.186687,3.426687,1.996687,2.266687,2.406687,2.716687,3.006687,2.926687,3.006687,3.586687,4.066687,4.606687,4.526687,4.796687,3.936687,4.256687,4.586687,4.106687,2.956687,3.666687,4.096687,4.146687,4.006687,3.856687,3.716687,3.416687,3.636687,4.186687,4.986687,7.036687,3.7966871,1.626687
2.756687,2.436687,2.156687,1.926687,1.206687,1.056687,1.116687,1.066687,1.196687,0.586687,1.416687,1.766687,1.506687,1.366687,0.856687,0.846687,1.416687,0.866687,1.566687,1.516687,1.756687,2.286687,3.186687,5.306687,1.506687,-3.833313,-4.123313,-3.563313,-1.533313,-0.323313,0.09668701,1.186687,1.696687,2.586687,3.5466871,3.416687,2.806687,3.026687,2.446687,2.726687,3.146687,3.846687,3.836687,4.226687,4.126687,3.786687,3.706687,3.816687,3.876687,3.916687,3.876687,3.756687,3.556687,3.736687,3.706687,3.786687,2.726687,2.986687,1.496687,-1.6433129
